
==================================
EXPERIMENT: 1
TARGET GENDER: m
==================================
CATEGORIES:	BETA_0	BETA_1	BETA_2	BETA_3	BETA_4	BETA_5	BETA_6	BETA_7
----------------------------------
articles	-1.083	0.088	0.131	0.007	-0.042	-0.002	-0.004	0.001
pronoun	-0.238	0.020	0.019	0.007	-0.005	-0.000	-0.003	0.000
prepositions	-1.087	0.027	0.127	0.010	-0.013	-0.001	-0.005	0.001
negations	-2.089	0.221	0.092	0.002	-0.116	-0.005	0.000	0.007
tentative	-1.724	0.091	0.141	0.004	-0.058	-0.000	-0.003	0.001
certainty	-2.357	0.009	-0.068	0.003	0.077	0.001	0.002	-0.001
discrepancy	-2.170	0.150	-0.017	0.011	-0.015	-0.004	-0.004	0.003
exclusive	-0.981	0.034	0.006	0.009	-0.020	-0.001	-0.002	0.001
inclusive	-1.557	0.109	0.125	0.007	-0.094	-0.001	-0.001	0.002

==================================
EXPERIMENT: 1
TARGET GENDER: f
==================================
CATEGORIES:	BETA_0	BETA_1	BETA_2	BETA_3	BETA_4	BETA_5	BETA_6	BETA_7
----------------------------------
articles	-1.230	-0.025	0.093	0.004	0.085	0.000	0.001	-0.000
pronoun	-0.282	0.049	0.112	0.005	-0.072	-0.001	0.004	0.001
prepositions	-1.349	0.048	0.185	0.008	-0.047	-0.001	0.002	0.001
negations	-2.530	0.469	0.102	0.002	-0.601	-0.013	0.004	0.011
tentative	-1.808	0.079	-0.097	-0.002	-0.119	0.001	0.014	-0.001
certainty	-2.305	-0.129	-0.143	0.005	0.098	0.002	0.006	-0.003
discrepancy	-2.194	0.084	-0.138	-0.001	-0.048	0.001	0.014	-0.001
exclusive	-0.866	-0.062	-0.030	0.010	0.035	0.000	0.002	0.000
inclusive	-1.521	0.120	0.152	0.004	-0.147	-0.004	-0.006	0.006
